768129651385434122
476900086190833684
789358482126143508
793578116076929035
649828845213450280
899424984206835722
568497945956188170
788972326716702720
743267361313783979
708012511571607692
545576403584679957
850744691552026655
779154100813299722
263029252973133826
374134179899768835
821238018278555649
378239416486854656
467695190878978059
527268405892349952
453227660412321803
372028040412135434
819778342818414632
397118710365683727
514446209734279168
680499021609173033
686977507022471189
655580520301723649
726218588037447700
927617396359958588
771291991190667264
870478642176737300
930964042166710342
397838239245008906
245612633246400523
888187790767050832
809104040348483637
407238446944616459
249798239824510976
241312357211439105
264894625423163393
527547107519889410
892146329608917012
753297689889996811
217873819161853952
899742201859432519
654503112731787284
610946486586441728
658391438912126986
893225502825938955
615235276624625682
496018703499001866
347178229490122752
655874591926910996
262015030747201537
460447825327816714
420602314873896967
856648166752518184
899811371485638678
476410442969907200
759975976066613258
460596089180127262
484399685042176031
324785186187247616
706143124086587482
805154405124407326
624094937411092500
477702094917206016
717231278952415292
372178265529647104
440272242186780722
883882384381050881
897616713540067369
434859305267625985
332438736925229056
413145138886344714
546074149852807218
809425082241646652
775742899328647188
371433845775532044
858809223004553227
668852552741421086
524354696043823108
534389899642535966
691347550136958996
265654332526034965
320803609191251968
236301532507668481
533766310425919499
694976778313269298
914539338732298241
692140531559432253
254600033817591808
837391100456861728
721175564471369781
692972762951581727
798530878900142091
227173435086864384
513564785724489759
350814708313358336
509400248527880226
506971105022705674
570496052235468811
802358878531616789
830496850317934652
292863798581395457
878987550465884211
633008475936522254
841474894201094204
534654653418176532
294286546033442816
496563662258044937
364405486868758539
812189845840855051
831541057246068756
849252421539856384
473194219201101834
373626762405478411
701759298640019517
681883810836774971
871271874741567498
146749797833900033
545409864369831936
633597729112719390
515907217359241257
927823598230593617
519675783208370197
464247342422425602
538873613726515224
659158218081304576
661013478932217889
876723202951376897
510961930953818132
699519129132204045
297810528682770446
887864991129165904
668235804979494916
637416366227456020
327630617133056001
865062424687542282
799051540160970832
166058290734694400
611630704249405477
533673482593107968
659736880098836480
362666179145498631
353626557371252743
912029628602925057
860223556633886760
798529100850397204
749774558411751426
832312427109810206
468604026733199361
684912226611757111
853570831870984195
528431806102503425
587002661778358278
179752159158599680
811734527667208203
729523525643272242
787913626383548428
397220044288819200
253365400379719682
421082661956878336
795816883546619925
729450939454455880
735264523325407335
931622260186431588
504362064660267008
447224591773859852
665408435692634202
877677155029495808
564418016520044557
853859598389084172
294902086251053056
748106845620666370
878810037936611338
872216613439537193
480770132063420426
646958290495995922
870100687072145408
352603984734715905
543294479122169856
670096854889005057
416954405397463040
847185378979872828
865637123024879646
478921621831417876
851227529905045514
847826205557653564
789546119595032576
791753058405187605
739214469321850920
797814957190152223
233403843755376642
426975161292423168
447832502925656072
596512317362012233
717558028630753390
814435974322716692
255693137794564096
136296729015222272
426986986696343563
448648447491309578
872975229276798977
493320892936617994
389148059872788481
507683085551403008
481231352897863681
360717389848903701
394029997222002688
876775894188965949
187678614102343681
703706020823695371
853076602069712896
784416459815125002
579745057557577732
571748580495196164
706324765425664071
864704159366381618
226196158857478148
790507238330073100
719109855843188738
609883468910034957
881726337168068669
766824638008262687
818608236047106090
727333557214773289
796410103796072498
717754918139854848
349305684975943682
388415876413521930
762782955684495401
683742708887453701
823192429925892118
708700906824269845
767110024135704607
759685068259721229
694225593130287114
486600372236845058
827290852661526618
482247527261929472
510627752135753738
840783919905636403
712013010058608641
532772823119429632
659285452032835614
885310990407847986
891488270842744914
911097747241848892
824154105127370763
821506173236412427
864383662035042324
833785145718734928
783548140346146816
904502295457333299
706142765481852938
513715896397725715
850449229851787264
606358656879165503
888291481293574194
402621689621512192
828017238450896928
736936904057946142
470630007895490561
450106639010365450
774747186185502720
883087946448769074
681885658863632407
543189635036348426
871495634140684348
227113459026886656
438329224302952468
853350550057779200
881534091533647882
502735336468774912
866438430312890378
870640689652834324
894584138303156274
914729114550808666
929114406976110664
335851112588640256
501982335076532224
700933222024085544
441808554798743553
832087455783321602
475871756872056832
881566321580576769
324438741915795457
452632254200545302
849067255765532712
774747163485798412
892880298667290724
801892529309089802
657662651953971221
327057343223300099
851261603042426901
727644175457190041
707024625086758954
692824649259810846
600446271156781070
792094874794196992
926817076763586620
678396321408876564
880961478453239838
820878427262943232
857507812522721300
449746739268812805
205466514248171520
623181399989682176
703374095206711338
613773957333647362
435606087144570891
467817969599250433
927678328889040939
305501670794723328
471103583580848137
491396698132971520
805320970109583371
718093074839896156
717715092606550047
690327042738356450
796381310553686046
697300870869680168
926812570147495976
527456523165630486
530215768361664522
367470192588226571
518594639209562144
869084015586594876
281530101420523520
659611008683343912
865102196719091712
297542477420953601
916221371611226112
425078770882445313
677707304702836737
737773144630362235
471807570403917826
777370376081506324
861583583268438066
931277881353572362
847271968692764703
742573911161438348
804036341939175424
481245939147866113
800175653721997322
665690921555329025
861203981736869899
853154896714268723
718724500744568904
837812069918441482
737413867725914122
713191615883247647
250404608554434560
908370684588228659
222177802370154498
536280868646420493
267497771370676224
683497674615292042
579441585368989706
831670076074754098
500688406674931713
842458514546229268
718195561609822318
763147229547593768
119236062181588997
599243947012784169
601710021692227585
340844140172541962
932147501367173161
413357349873647641
925169803201753098
847953884714631198
925624282145501204
353806134739468292
308992606254137355
808822066525896724
804028196093165578
718123868669345803
821667324649275392
733463616354910300
770750047691603978
712277895942504518
842947313613406209
793306256496525343
545008618450452501
754225863427358851
531128965818220544
789667109655412777
857806564047716372
369608467926745100
682762052975984640
692272631617028169
604051272466694267
158262975621234689
632717627315191823
637251400879046667
767853889923448872
880984916739899413
724787934498259027
379464065208025090
427466038964387842
876497417774710814
659895116261097472
852836569894486016
435963224186290176
581667563302420490
826564357424807946
660556066781659178
679865461827305558
926817468490592286
809827340724338771
544708972146327563
920464319735533568
299688508816228353
659524117103378438
547159405452460055
869981431978397737
720147655744815224
584846121814458442
718611076962320495
533887534573289487
388858167658020874
768233606543441980
671847728262807563
774435214894039050
521186171334819855
929798195574358146
652921215165399043
737888410932478014
711363317653831760
820606315226202123
359066979585359873
498619405190823947
507254377233514516
589531980689834020
716868249031016530
829202526238015488
844636980901838890
466424453971312670
738244578775269376
398354127631155203
885527532873588746
577243506658246676
759993278421532692
688178888576336079
478353443694837763
727283230562058311
850453721024299088
406149766464929813
455505859553001474
838089744079650868
796374981088510004
792130097465131028
509558830749843460
703093396411121685
617682330835877908
655223741042786305
718653363331268699
835769213124608020
751295778475081769
796825019556036648
900103484475580457
926812223387619388
571141506920873985
266845524512997376
762534313153134662
866535658252402749
554477520876077089
710415345382326302
829549681952161833
782665763089023017
833492675473834024
721821178393788497
855594138929856603
703500080153362442
340344492118769684
728879719100973116
839116836624531497
878436241866113055
723200914785042513
567391539282706432
852430902503800832
815046789933301781
244139310159233024
865797282686828554
292702294179315712
489564519434158100
619181814413525023
525222472157626378
345048389542477826
555110839896768512
734300792286216203
694338710095003699
911435303464603659
672071415884677120
391096257575256065
225007780577280011
852620687910502491
590544678278135808
898351408250769448
348320384954662923
483427838284922881
612291255665164320
477984843922407451
617022984695185418
914345365707313213
814955352041979907
842530939468251136
822972749457915944
825871074457288705
483477400449974272
473549343849316353
311982956942196737
158074900324679680
496485782748397568
783192094650007554
593544836443799567
640229849922928670
660855788570542104
410916001941553172
449188511871139861
646560922604929025
829582016260472873
830900355105030161
776211122055413790
774829130742759434
412048044817776651
862200924444426271
527328573326098433
662058310006210571
859859915866505216
855125216207044648
929361042331557898
824633055871631432
813460595960578069
917473392700047370
668889328906272810
720816835976626249
516847288316985352
764410791829962767
473260779160731659
914337425101295666
486215024038117377
417752976468475915
251545835899191296
444585469179592704
486076281893683201
894092559612272660
892556541499146332
800456368392896554
819992210120376380
395228667120451594
509831456961331201
926812224805290014
841508214528540712
753352006004899921
513419782339428393
842601396925890600
749973856927613020
511236864800194560
365915136713555973
382391360566591489
781799578394558484
926817463344193546
547279995895021568
414535530282352651
787896573606363167
926295613983850597
813058618319700008
575923952334143498
842579339602034698
810746683327119400
713593024973635584
767158426228752414
771283422626840576
665712447667175435
794680490388226068
818296041333850142
865761894652051456
746844233247490051
464234282433511425
348285469550706699
706101340052652044
836645001043771449
729521992931344414
523960711735410710
661656262986956800
695469762565636148
523719495630585856
522529729404993539
353445695321014272
925177683606917120
712326118274760734
767599369653846038
338373233319477249
468628836616110081
533447675530575873
812726094917533766
748487948223250482
811039310182612999
496316087332372481
836480287860850698
882066789977174077
287372314704740354
831257531292713000
705323016086749244
883514965653340211
640702982421217331
516347516858662913
784022313334341662
929804905038889000
536474543477489668
874173608480628736
302127554616098816
717130822389596290
738246796848922755
323534517111488513
715753431603740683
527655012114104320
858183525979258900
888965301285322763
354818333121445898
811460753718640661
842196005101109259
783955972153802822
702934000033071214
848613628575481886
730343212044124181
430492374423175171
716678786401435668
393935131863416832
597930864055287808
478325999856123945
474086430268719104
787815980557795368
663649552905273374
787543545308774431
799858906305921035
463213768940453889
324590940574449665
803379331334144083
749434706784682086
837834051573776394
837847271352696853
735734759581417473
462457025515749376
263888521268428801
490670252686966794
714174478392885269
754383023973335060
728127798945775626
483886813535272962
348495668559478785
251878194519474176
847563556496212029
815593921668448256
750430767884271781
380437599866585090
888876513594863697
836642213756796988
514636176007757824
711538785745371156
670524583417348127
571469925961695242
415581459236257813
741839840110182441
280322386983911436
227075154931351552
116753374182899716
851908499792330813
786376100875468800
566772111822028831
828509412746067979
836230275218014208
817582170633142323
879200019868168262
926817440011272222
722219491085516801
820364353496809544
850225959184629770
851422032872996934
318823283178995713
679821675369725964
537369866055974914
427703094617309184
687379930463600697
796992557069762601
727649502865129503
676034270464311296
480225506986426368
529566058483548160
593910447183495168
849707837784850512
829343485755785226
244539283623510016
827959908002955326
605539105211809792
852614311834157056
656669504209682443
697261736709062678
865443562991517736
608539853642006529
713208155193999390
855102783429804042
843327210119233556
398578521557041152
605060381706158107
713100570746945677
621437874851545108
770316680827371561
881328614040289350
384422468766531586
246332258837987329
414959059729645569
720838825630236762
866892358615695400
834670753668137000
425025937436835850
883157475916935229
778347449147719680
141354723423944705
886017824219357254
536740921346228225
515739835248672817
886982116670316615
330158734523236354
775855040136347660
551437525919727626
609218167226761218
492078632957640715
615692899656663050
880233301103755275
708795897559121952
897994965525884989
503284208773365760
830997222921469992
838880614416777316
848079699435585538
853033556275363901
886292525600624640
468426625315373077
736406027058282558
309165922319466496
913972114523062292
878020108449112065
861379343573450762
396785473357611011
814880289062125578
846125067132993606
460507712908951556
834933436665692170
925352697673170974
854753568392740914
904911493135474689
498648186622181377
708846656220692510
925500998267584553
759851242247421984
402568571093516298
735646226426626200
853019327299977238
626082515739738122
525811615317229610
836733159844216859
445258720788611082
445756144648978433
838962731297144852
805235448326127636
704375306479337622
833821866073653340
811493670159253525
870123155535061004
665480552496889866
593972280728485889
589196928139526159
791963973645762571
326483627326177280
704501223826522213
873703644355252316
911821515887108168
594291520782467093
658129364030062596
585728879587753984
445803036544204801
840065282013921300
408347463116914689
809172442517602364
370262232795316224
395650780918710292
424762836808499200
796710979588587521
685083099456995350
612282938461126672
822643714241200159