753297689889996811
810935165164978217
604335814247448577
363987786438803458
302050872383242240
458276816071950337
557628352828014614
932765780955774976
846385202816745472
883460488539832341
451769244430893056
652205359959638036
829114305676574730
380013552792109057
548562040063655957
838308032713588777
741776041659465789
706947737555566703
483657672172896276
709107842333802547
817736591442575380
317778791353155603
603968712730738731
828509412746067979
645544318244749312
364473814232465408
732071705761022003
304672504931155969
685083099456995350
775298448056123403
